0
0.104176
0.0865181
0.0625705
0.103456
0.127637
0.0977209
0.124832
0.15387
0.117819
0.116659
0.153969
0.11501
0.0982159
0.144094
0.140438
0.119991
0.167608
0.174344
0.14186
0.169195
0.179892
0.143552
0.141563
0.176086
0.13259
0.152461
0.156909
0.0931835
0.160338
0.136168
0.120378
0.176508
0.148686
0.144562
0.197189
0.153831
0.171685
0.199796
0.152005
0.191947
0.191188
0.15137
0.190019
0.193099
0.154079
0.177656
0.194145
0.143176
0.16376
0.190396
0.121644
0.113531
0.176847
0.130904
0.114356
0.187088
0.165274
0.12958
0.158876
0.198761
0.131512
0.142145
0.170754
0.126584
0.150272
0.18435
0.120011
0.151995
0.184724
0.118069
0.136679
0.20927
0.145993
0.153855
0.207593
0.162102
0.145362
0.188305
0.146412
0.139089
0.189083
0.151147
0.139477
0.171313
0.149273
0.136097
0.18844
0.16057
0.1324
0.194377
0.181322
0.132545
0.176808
0.204234
0.157505
0.157838
0.212428
0.175793
0.170152
0.224126
0.199412
0.176229
0.218684
0.204121
0.192535
0.230602
0.194796
0.157903
0.214252
0.236165
0.171475
0.212098
0.22507
0.184937
0.21601
0.216755
0.182587
0.238996
0.247414
0.203968
0.215797
0.254302
0.225783
0.202611
0.237877
0.210755
0.204124
0.238759
0.218723
0.194069
0.233598
0.232374
0.206085
0.236917
0.243637
0.222406
0.247108
0.269921
0.237195
0.257175
0.270737
0.236738
0.246422
0.258687
0.238904
0.26055
0.259401
0.239394
0.260339
0.257051
0.223131
0.251857
0.253846
0.206813
0.180679
0.227959
0.240422
0.204896
0.226165
0.246735
0.222555
0.217551
0.233996
0.229595
0.212715
0.24072
0.225318
0.222308
0.237679
0.222807
0.20069
0.238152
0.230299
0.21719
0.239813
0.235815
0.212908
0.237207
0.250414
0.223194
0.229274
0.259704
0.231124
0.242713
0.257905
0.228842
0.251355
0.259548
0.223721
0.251261
0.259139
0.220251
0.242531
0.26379
0.214599
0.245476
0.255342
0.217932
0.250411
0.250972
0.199456
0.233656
0.221413
0.196088
0.179128
0.240084
0.219739
0.206824
0.236017
0.201341
0.15597
0.19094
0.205171
0.178064
0.163618
0.196264
0.208362
0.170018
0.17451
0.213671
0.198011
0.167331
0.191083
0.208382
0.182323
0.19941
0.232074
0.21766
0.180351
0.217022
0.235523
0.21387
0.224697
0.258509
0.20878
0.217188
0.251084
0.222211
0.223778
0.253936
0.228527
0.221562
0.249982
0.236743
0.226246
0.260342
0.258341
0.232901
0.247565
0.263406
0.232049
0.253022
0.29075
0.260068
0.25294
0.293413
0.282603
0.261289
0.295912
0.299672
0.267071
0.304127
0.322282
0.287417
0.30085
0.332013
0.324081
0.306402
0.341503
0.343642
0.30304
0.331034
0.332442
0.295859
0.31997
0.344827
0.306642
0.307125
0.340205
0.327746
0.307896
0.321226
0.341253
0.333592
0.325371
0.361301
0.351286
0.321472
0.350026
0.353953
0.325791
0.35051
0.354937
0.340328
0.34686
0.369385
0.345048
0.343212
0.378499
0.372229
0.344883
0.367325
0.381533
0.354059
0.376216
0.397073
0.349304
0.367095
0.378156
0.326528
0.337677
0.352069
0.307677
0.310306
0.324602
0.306605
0.293675
0.342308
0.339229
0.308008
0.338826
0.367111
0.348435
0.368137
0.383377
0.353996
0.366338
0.388595
0.371394
0.379467
0.400502
0.382339
0.369302
0.407415
0.402219
0.374656
0.407882
0.408398
0.389323
0.418274
0.406373
0.38228
0.40963
0.422805
0.404113
0.416332
0.439137
0.411752
0.417745
0.431178
0.397431
0.405234
0.423852
0.41673
0.42317
0.455946
0.46532
0.452647
0.480832
0.4954
0.472786
0.484538
0.511203
0.478163
0.45954
0.476836
0.463642
0.451589
0.477487
0.467874
0.443375
0.467641
0.47846
0.441623
0.463011
0.482592
0.479106
0.450446
0.466661
0.491769
0.466324
0.460897
0.483649
0.472089
0.457112
0.470741
0.461048
0.450913
0.46708
0.45635
0.44583
0.478538
0.470915
0.454639
0.475025
0.490142
0.465559
0.476184
0.489793
0.467871
0.457079
0.491643
0.487578
0.450399
0.454814
0.470262
0.477398
0.45978
0.476634
0.498833
0.472557
0.47809
0.481478
0.444715
0.460641
0.477114
0.457958
0.456922
0.48442
0.48511
0.468495
0.502011
0.516837
0.493109
0.521906
0.529457
0.489098
0.509237
0.528159
0.510681
0.534976
0.562978
0.519683
0.527485
0.546605
0.545444
0.545448
0.571159
0.549783
0.547971
0.567292
0.573568
0.547763
0.565097
0.579677
0.546802
0.561513
0.588954
0.557786
0.545972
0.553003
0.533876
0.51651
0.546855
0.54919
0.529128
0.516634
0.536602
0.537446
0.514956
0.528514
0.535337
0.50548
0.489739
0.510327
0.494588
0.466151
0.488322
0.496093
0.459704
0.475305
0.487547
0.46602
0.464123
0.484929
0.479169
0.452074
0.463797
0.46769
0.441292
0.456932
0.494174
0.46487
0.458157
0.490441
0.473985
0.455247
0.482217
0.468189
0.426347
0.452124
0.456982
0.42686
0.43534
0.466999
0.460946
0.433245
0.471059
0.463166
0.432923
0.458543
0.469934
0.444662
0.452633
0.489653
0.465552
0.440034
0.474451
0.472306
0.44112
0.449297
0.488997
0.476781
0.448779
0.492299
0.513293
0.50938
0.473792
0.480236
0.514844
0.484356
0.474322
0.513304
0.505997
0.489675
0.520008
0.525805
0.502203
0.522821
0.544042
0.527769
0.535973
0.551021
0.522878
0.534661
0.56509
0.535353
0.531526
0.554204
0.553195
0.545447
0.575211
0.564662
0.557702
0.575124
0.590592
0.563355
0.576971
0.563375
0.554139
0.576291
0.589156
0.562222
0.562066
0.587419
0.55714
0.561102
0.58278
0.548286
0.553612
0.571836
0.538971
0.546946
0.557347
0.519988
0.533386
0.559163
0.522497
0.526261
0.531919
0.509682
0.513512
0.526832
0.501844
0.505072
0.532568
0.506569
0.504265
0.539607
0.519191
0.499476
0.51775
0.487065
0.476642
0.521475
0.498835
0.460517
0.499827
0.518228
0.496015
0.501204
0.485624
0.462762
0.478428
0.468417
0.433862
0.457138
0.431109
0.406699
